gender distribution
male
female
unknown
3932
8023
1987

age distribution
73
212
1390
2357
3083
2910
1493
366
65
2
1
3

user frequnecy distribution
0
8527
1518
1261
601
450
348
259
216
173
148
119
71
61
36
33
18
17
12
10
5
60

condition frequnecy distribution
0
843
125
5
4
3457
1106
2
230
181
423
12
10
78
8
9
3
6
4
851
33
33
254
5
5
3
3
11
126
8
914
190
23
30
17
16
1623
437
27
247
59
625
78
101
28
7
60
117
39
458
29
3
78
26
712
12
746
737
633
124
440
457
45
11
18
1
83
18
893
145
22
59
248
483
92
18
3
3
94
147
26
20
25
428
255
13
130
3164
73
37
29
25
30
69
73
40
454
4
20
19
134
444
18
120
46
131
327
26
8
19
9
68
28
43
10
3
23
1
11
1
6
27
16
1
64
24
34
384
4
345
1
50
92
1
19
12
16
14
7
3
6
109
10
343
6
4
191
3
12
48
56
5
40
32
192
1
13
7
4
5
1
247
22
7
64
10
32
67
18
2
25
35
36
7
17
4
10
81
17
26
11
2
56
5
28
25
14
38
24
8
6
15
4
9
12
40
21
64
5
10
38
11
13
9
17
30
54
41
9
48
32
8
14
2
3
7
2
4
4
7
7
9
5
3
19
2
77
58
6
3
5
3
4
9
35
58
11
3
9
13
6
14
19
0
7
16
10
3
1
13
28
2
2
8
6
32
5
46
31
11
73
10
4
1
19
49
4
31
15
43
0
21
3
2
1
6
6
3
5
7
6
3
2
5
9
4
8
7
1
96
2
1
59
26
7
19
9
40
31
6
16
3
3
1
1
3
3
7
2
5
7
7
6
91
1
51
1
8
1
12
18
12
3
2
2
95
11
5
7
7
1
0
1
14
38
336
6
6
3
4
8
16
15
30
52
8
12
6
5
3
6
3
12
8
5
1
9
3
1
68
15
8
9
2
2
9
14
1
2
1
1
1
4
2
2
1
66
10
62
41
4
20
106
9
4
3
30
13
2
6
41
1
4
1
8
2
11
7
7
21
2
2
49
1
2
19
19
22
5
58
6
3
3
1
26
7
1
1
10
2
37
1
4
2
2
4
3
5
2
5
27
4
2
14
1
21
3
8
8
5
2
0
16
6
2
4
1
5
19
17
21
7
5
23
2
1
37
3
3
6
1
39
10
6
2
1
1
2
15
10
6
14
9
2
3
23
2
6
2
4
2
2
6
1
1
10
2
2
1
1
1
3
1
1
8
6
13
1
10
7
5
4
2
32
4
2
5
73
81
43
1
1
1
13
16
1
20
2
3
2
3
2
6
1
3
9
1
15
3
4
8
1
8
2
16
7
9
7
1
5
3
3
4
21
6
6
2
6
4
10
26
0
5
11
2
1
7
3
39
24
12
2
4
1
53
6
1
2
5
2
5
1
12
13
3
7
4
3
15
1
6
2
0
6
3
1
1
2
2
2
2
1
4
2
2
2
5
1
1
5
3
6
4
1
2
11
1
4
5
16
5
1
5
10
51
3
4
10
7
2
4
18
3
13
6
1
4
1
1
4
2
2
3
6
6
1
10
15
22
1
2
2
3
1
3
1
2
3
4
3
4
10
16
4
10
1
5
2
2
6
8
7
1
6
7
4
1
1
1
4
1
2
2
13
3
7
2
9
3
4
13
1
1
4
12
3
9
6
2
3
1
5
2
3
1
3
1
1
5
3
1
2
9
4
5
1
16
1
2
1
1
2
3
9
5
1
1
1
2
1
9
3
2
3
1
1
5
3
2
1
7
3
1
1
4
7
6
3
1
10
1
2
9
6
1
10
10
1
2
1
2
3
7
17
1
17
6
2
3
3
2
2
1
2
9
4
1
1
12
4
1
2
6
3
1
1
9
11
5
0
23
2
3
1
8
5
4
3
1
1
3
1
1
1
3
2
4
1
5
1
3
2
5
1
1
5
3
3
2
1
20
5
2
4
2
1
1
7
1
1
1
2
10
1
3
1
7
3
4
1
6
1
4
3
3
6
1
4
2
1
1
1
4
2
1
2
2
7
2
2
8
5
3
4
1
2
3
1
1
3
15
2
2
7
1
1
7
3
5
1
1
2
2
3
1
1
1
1
5
5
1
2
1
1
2
6
5
2
5
1
1
4
1
1
1
1
3
4
1
1
3
0
3
1
1
1
1
3
2
2
4
1
1
1
2
2
2
1
3
1
1
1
1
1
1
2
4
3
2
1
2
1
2
2
2
1
1
2
1
6
7
1
2
0
1
2
1
1
1
1
1
2
1
1
1
1
3
1
2
2
2
5
2
3
1
1
1
2
1
2
3
2
1
1
1
1
2
2
1
2
2
5
1
1
2
2
1
2
2
5
2
2
4
1
2
1
2
5
2
2
1
5
2
1
2
1
5
1
3
1
1
2
2
3
7
1
1
1
2
2
1
1
3
1
3
1
1
1
1
1
2
1
1
1
2
1
2
3
4
1
0
2
2
1
1
1
3
1
1
1
1
1
1
4
1
1
1
1
2
1
3
1
1
1
1
2
2
2
2
1
2
1
1
0
1
1
5
1
1
1
1
1
1
1
1
1
1
0
2
1
1
1
1
1
1
1
1
2
1
1
1
1
1
1
1
1
1
1
1
2
1
1
1
1
1
1
2
1
1
1
1
1
1
1
1
1
3
1
2
1
2
1
1
1
1
1
1
1
1
2
1
1
1
1
1
1
2
1
1
1
1
1
1
1
1
2
1
0
1
1
1
1
1
1
1
1
1
1
1
1
0
0
3
1
1
1
1
1
1
1
1
1
1
1
1
1
1
0
1
1
1
3
1
1
1
1
2
1
1
4
1
1
1
1
1
1
1
1
1
1
1
1
1
1
1
1
1
1
1
1
2
1
1
1
1
1
1
1
1
0
0
0
0
0
0
0
0
0
0
0
0
0
0
0
0
0
0
0
0
0
0
0
0
0
0
0
0
0
0
0
0
0
0
0
0
0
0
0
0
0
0
0
0
0
0
0
0
0
0
0
0
0
0
0
0
0
0
0
0
0
0
0
0
0
0
0
0
0
0
0

top n conditions
